1.848306893780243543e-01
1.192450720634080641e-01
1.189712929491869020e-01
1.211500653827105867e-01
9.467679615567088369e-01
9.174531328984787404e-01
3.078596142630970478e-01
9.128486165392978718e-03
2.257177104594696448e-01
1.869369193967629073e-01
1.696035565707872672e-01
1.180880901474080646e-01
8.282027591121144949e-01
9.060882433036181183e-02
8.550646715511771578e-01
3.836658433300582649e-02
2.879826077937052697e-01
1.517927009833685281e-01
2.689205888778689046e-01
6.145884920302769477e-02
1.429994316902479246e-01
2.214818521096810766e-01
1.207313504432915019e-01
4.368658930077157915e-02
2.179432525311119639e-01
2.188780971228496408e-01
3.747429602706338070e-01
9.524493890575787269e-02
9.641411146109164776e-02
1.135007819455975259e-01
4.103868992253471570e-01
5.778125545351320280e-01
6.733223636827444236e-02
1.820762115212608001e-01
7.256597699452753403e-02
2.904645814219327105e-01
3.636137762747835844e-01
2.802502511413160202e-01
1.026729874708121604e-01
1.749777607179146821e-02
2.265624627102294508e-01
6.747018088376020850e-02
2.002202322923616051e-01
3.132809662606834689e-01
8.817433075682980237e-02
2.200508297993056528e-01
2.528357819551935726e-01
3.614023538979872774e-02
1.414444893343293486e-01
1.551589317912079602e-01
9.328551289882009989e-01
7.366555390631303046e-01
7.835301566609521595e-01
8.623647513262208131e-01
5.896458689607456671e-01
8.485572502130923622e-01
9.129889411090919005e-01
6.715611693869897314e-01
6.505000945937835510e-01
9.569874909625067927e-01
8.985210274633923522e-01
4.193474059242894847e-01
9.779993334920199510e-01
6.778968996109350220e-01
5.147011927578285517e-01
9.799013148168054244e-01
9.536337851019004441e-01
8.127704321897628592e-01
9.030667569405496087e-01
4.248884043880199468e-01
6.252247593330086950e-01
4.761907478278690764e-01
3.454961967297789927e-01
9.851965884042056532e-01
2.578541695526708200e-01
8.494738723163920424e-01
8.250470913467062850e-01
7.255325389972320238e-01
8.268815094811064748e-02
7.655216678135738917e-01
7.584590954516283734e-01
8.919152259858218468e-01
8.956204013609360137e-01
9.635357530538806170e-01
7.657068368156241256e-01
9.554915251733808734e-01
9.957761445775151765e-01
4.074284287812934835e-01
9.813931154087276454e-01
8.999501103416948089e-01
7.374370200581816803e-01
4.914270057263271929e-01
5.685515870484446621e-01
8.607610299618261296e-01
2.179965721502825915e-01
9.490646173230831151e-01
8.922801692024198150e-01
6.728473112913669896e-01
8.266722101639307763e-01
9.794470916086714940e-01
