1.850878343212996602e-01
1.221653414875713828e-01
1.208717006935090404e-01
1.229296133808644026e-01
9.454782999085826756e-01
9.166071101351284112e-01
3.094428652289384352e-01
9.379601481779673011e-03
2.276440503727085451e-01
1.894044486577074748e-01
1.698324832893688408e-01
1.204941387852132423e-01
8.264619250770562919e-01
9.186386547889116572e-02
8.515503475195554950e-01
3.992138625798221513e-02
2.917089240421271157e-01
1.511359476529660351e-01
2.709638080050490450e-01
6.279658662551021453e-02
1.451688186677856651e-01
2.210532889228957187e-01
1.218152093424013926e-01
4.463052777320099251e-02
2.214020705389047883e-01
2.224015235398598966e-01
3.786429232226566910e-01
9.813244680840239875e-02
9.852274546900252616e-02
1.151376030771370101e-01
4.122859349907891935e-01
5.835317267726745083e-01
7.020242647506245992e-02
1.850112437710025592e-01
7.397431014017098738e-02
2.901412022309298733e-01
3.640799568943435260e-01
2.809171270891636096e-01
1.039549902562284384e-01
1.821554789515333894e-02
2.286161398180144855e-01
6.816305719481678682e-02
2.029759181273867175e-01
3.156777108876801519e-01
8.917601011606932082e-02
2.237944264360414159e-01
2.562903690354036979e-01
3.700475816296303067e-02
1.411332360232960270e-01
1.569300074419395508e-01
9.317175664121760681e-01
7.358021476147504902e-01
7.832409421276433914e-01
8.591788277107483829e-01
5.865595279316363486e-01
8.450166107665071369e-01
9.095765702044774637e-01
6.674869348265816127e-01
6.506842887828552247e-01
9.565423232639170825e-01
8.961208084743209623e-01
4.227324500678329433e-01
9.772996845751764639e-01
6.752291803763604827e-01
5.098895091048042394e-01
9.794310143765945220e-01
9.523963643540959145e-01
8.125003794784800837e-01
9.021016319230800162e-01
4.217247385164639151e-01
6.251807366716334302e-01
4.783950554364173602e-01
3.510140104797221938e-01
9.847663321533317582e-01
2.575960788662946532e-01
8.465390860348853685e-01
8.243746435292303998e-01
7.248345245034998330e-01
8.397693760241838057e-02
7.631696134208291182e-01
7.534080449043294436e-01
8.902487555992268931e-01
8.930380930794651340e-01
9.624429141989873093e-01
7.665248071464629831e-01
9.547368652541805556e-01
9.955828280552085907e-01
4.096096274640118606e-01
9.809043669653656483e-01
8.974935734170566004e-01
7.352504495979494958e-01
4.907135892261415000e-01
5.643647242542474407e-01
8.608924952539335207e-01
2.191449198942720944e-01
9.476787157065820200e-01
8.909776726825991977e-01
6.731338484286933932e-01
8.273248173402616423e-01
9.787684595532418763e-01
