5.818123527447727206e-02
7.580196193178383862e-03
6.953207146343282422e-03
1.193300200751971560e-02
1.197758694267632949e-02
2.675354879824270657e-02
1.391167556057811526e-02
7.317997369101769678e-04
2.283565289278061822e-02
4.374166476478956629e-03
8.905614308747094796e-03
9.508477553977014857e-03
1.179597729858684364e-02
1.235076280713415242e-02
3.745004873660665642e-03
8.496953653326407008e-02
3.213761715097696210e-03
7.125175118323238445e-03
1.815170827726592107e-02
2.309373259172386224e-03
2.477689724928756280e-03
2.505781769904838127e-02
1.395907085000456724e-02
1.842101549857171408e-02
1.214773183229206919e-03
1.544917284718587934e-03
5.672071470471910445e-03
4.427432077722900233e-02
3.125358010731924419e-03
1.014808843291853530e-01
1.512250022686221877e-02
2.974121282489302926e-03
1.243262020240682580e-03
3.645657827682035387e-03
3.734327688514756105e-02
1.236849505323277428e-02
3.637430153720312004e-02
4.836496008557824439e-02
4.306035272726770578e-03
4.553663858548022067e-03
1.235097839246168325e-02
5.051807151909460877e-03
1.975884501921459924e-03
1.890641599092078226e-02
1.202682176770276598e-02
1.930521782073441397e-02
3.091764180125974350e-03
1.050786733013924900e-03
8.456054058217119668e-03
2.024824714200170739e-01
1.080824147703814998e-02
2.135039325904300456e-02
5.031067388553268731e-03
2.178835626174061707e-02
1.185558455827302564e-02
1.390624781195365367e-03
1.286685396497721200e-02
9.645886590749511158e-03
1.796583993473455793e-02
1.014105929454733532e-02
5.098233320979336618e-03
3.722639170528543786e-03
7.531189889550925090e-04
2.218321121969800136e-01
1.310692812311421984e-01
1.067533371949888621e-01
1.010558822556294062e-01
1.288205218453828405e-01
1.227535627921781669e-01
2.552058108480054766e-01
3.849311652512907855e-01
2.059347492322290696e-01
1.994678544252380670e-01
1.551678415695817992e-01
2.129004597572412838e-01
9.940330333918542816e-02
1.530921019961944129e-01
1.260538167224299066e-01
1.660726913985294817e-01
6.797990810010871854e-02
1.558481288657558306e-01
3.933676677562715773e-01
2.085084589923693887e-01
1.727070139770850998e-01
1.044100587441531558e-01
9.385923852201134843e-02
1.165826539968095599e-01
1.854743159760756654e-01
2.777727040932920777e-01
1.661424065400047001e-01
1.083492009027328673e-01
1.591066282740556392e-01
1.253516518660613976e-01
1.710010950612050884e-01
1.370787177783335808e-01
2.408769687695370421e-01
1.992547620717805279e-01
1.059559922839933693e-01
1.897089288085055114e-01
2.314292784497427313e-01
2.947126169193654555e-01
1.600687003745431269e-01
1.439439619056359920e-01
2.281085661012919874e-01
7.450988991899874792e-02
1.452362275705494921e-01
1.537775114451989389e-01
2.029772550828053690e-01
1.210235352540759146e-01
9.222793721360209029e-02
2.246540007962008756e-01
8.460587097353025610e-02
1.892585499477567601e-01
9.611986170585413991e-02
7.511778500797726410e-02
2.145525434375973872e-01
2.674307687814562740e-01
1.221708654167973918e-01
2.150493111796023260e-01
1.570573918174222594e-01
1.387707635404089868e-01
1.393503611974424017e-01
1.133747490699256316e-01
1.860463354486653065e-01
2.775655954424812166e-01
5.354086348430883713e-02
