3.387404362035662531e-01
4.413311186798152264e-02
4.048268158375293441e-02
6.947584193040455547e-02
6.973542253765377397e-02
1.557634303767633788e-01
8.099599510875221675e-02
4.260654847308680687e-03
1.329528152058169765e-01
2.546709524607649461e-02
5.184990764417583831e-02
5.535987366151587374e-02
6.867806220889098590e-02
7.190811197112373376e-02
2.180401599422199591e-02
4.947062009513397696e-01
1.871103355043531383e-02
4.148390655889688805e-02
1.056821422005496530e-01
1.344553963968641262e-02
1.442550496289719125e-02
1.458906133161565477e-01
8.127193804703068680e-02
1.072500918184552815e-01
7.072603323634973210e-03
8.994754966187084103e-03
3.302370523797237833e-02
2.577721607652805891e-01
1.819633307634604610e-02
5.908379026643267862e-01
8.804560953663700951e-02
1.731580871048784762e-02
7.238469878902714476e-03
2.122560163894790519e-02
2.174185171846042264e-01
7.201135193758334552e-02
2.117769880818835548e-01
2.815885155938542272e-01
2.507042450560128047e-02
2.651215764828620397e-02
7.190936714330324608e-02
2.941242739486474647e-02
1.150391487755765899e-02
1.100761709440712111e-01
7.002207554574448045e-02
1.123980588371787520e-01
1.800074443372744887e-02
6.117848041878914782e-03
4.923249612573886436e-02
1.178885260321743012e+00
6.292730663509059352e-02
1.243053966036798963e-01
2.929167718299846221e-02
1.268552870945731381e-01
6.902510518678138529e-02
8.096439389011222953e-03
7.491287704879562304e-02
5.615989100104194082e-02
1.045999870498643680e-01
5.904286550114087179e-02
2.968272795977710751e-02
2.167379930151629858e-02
4.384778934794262596e-03
1.291541956699003624e+00
7.631062710798366400e-01
6.215349646156479446e-01
5.883634727711732904e-01
7.500136350837915966e-01
7.146908313238435895e-01
1.485848955947848715e+00
2.241130670574968953e+00
1.198984972651460312e+00
1.161333679112086514e+00
9.034119349663161103e-01
1.239540450901085888e+00
5.787418946046709589e-01
8.913266479280277377e-01
7.339054363531462011e-01
9.669017108427756524e-01
3.957898730453873748e-01
9.073726761634152149e-01
2.290249334437771456e+00
1.213969521582028532e+00
1.005527795585959838e+00
6.078920235395806060e-01
5.464634645292231196e-01
6.787628155769422911e-01
1.079861065202494030e+00
1.617237009597872754e+00
9.673076035214357438e-01
6.308263377866089039e-01
9.263441797028174607e-01
7.298173205094211635e-01
9.955956634308592568e-01
7.980941696304583166e-01
1.402424150801409253e+00
1.160093021425440352e+00
6.168926953052575879e-01
1.104515656863248152e+00
1.347418190117600334e+00
1.715863885305884962e+00
9.319455169972384878e-01
8.380647164804071458e-01
1.328084472912832936e+00
4.338084692353260663e-01
8.455884933984905150e-01
8.953172111162880364e-01
1.181765969763002300e+00
7.046183349229633297e-01
5.369657679921334692e-01
1.307971442434540554e+00
4.925888820296068227e-01
1.101893479265485531e+00
5.596251734509091191e-01
4.373477314499411572e-01
1.249159145724055842e+00
1.557024611868718544e+00
7.112982742187911045e-01
1.252051406791129473e+00
9.144131980395808768e-01
8.079455300702607090e-01
8.113200401204484491e-01
6.600858811821010974e-01
1.083191453853539876e+00
1.616031189982901850e+00
3.117234511407220299e-01
